time,stock1,stock2,stock3
0.0,50.0,50.0,0.0
1.0101010101010102,41.97636141967231,44.41055864559455,13.61307993473315
2.0202020202020203,37.31272499729929,38.46088270184231,24.226392300858407
3.0303030303030303,34.98511079999367,32.860773476239864,32.15411572376648
4.040404040404041,34.292371253475025,27.91186173209357,37.79576701443141
5.050505050505051,34.73467790140509,23.693672529687028,41.57164956890789
6.0606060606060606,35.94161706784235,20.18097057302761,43.87741235913005
7.070707070707071,37.66259416829494,17.293916330615243,45.04348950108982
8.080808080808081,39.713553632271825,14.939534566722969,45.34691180100521
9.090909090909092,41.9801240257341,13.01544446364634,45.00443151061957
10.101010101010102,44.376073368405635,11.43407150075569,44.18985513083867
11.111111111111112,46.82227883189066,10.13478928776299,43.042931880346345
12.121212121212121,49.24783324495671,9.082080451430015,41.67008630361328
13.131313131313131,51.61744443084335,8.225562116556993,40.156993452599664
14.141414141414142,53.91602368909676,7.520265822713723,38.56371048818952
15.151515151515152,56.12771090757118,6.935866060866903,36.93642303156192
16.161616161616163,58.238320293336216,6.449826622012921,35.31185308465086
17.171717171717173,60.23534037267685,6.04740059717784,33.717259030145314
18.181818181818183,62.10973706566649,5.718603979295626,32.171658955037884
19.191919191919194,63.86265477307373,5.448121989530923,30.689223237395353
20.202020202020204,65.49596988669893,5.226186221556492,29.27784389174459
21.212121212121215,67.01168295671593,5.045010172905043,27.943306870379033
22.222222222222225,68.4121461569373,4.898290236821207,26.6895636062415
23.232323232323235,69.70006328481432,4.781205702261528,25.518731012924157
24.242424242424242,70.87848976143698,4.690418753894463,24.43109148466855
25.252525252525253,71.95128430588304,4.6230191174689566,23.425696576648015
26.262626262626263,72.92373961087627,4.575425015623301,22.500835373500433
27.272727272727273,73.80096680692459,4.545411166530854,21.653622026544564
28.282828282828284,74.58793333227455,4.530966119435581,20.881100548289886
29.292929292929294,75.28947075103252,4.530267217236207,20.18026203173128
30.303030303030305,75.91027475316473,4.541680596486221,19.548044650349052
31.313131313131315,76.45490515449721,4.563761187393869,18.981333658108923
32.323232323232325,76.9277858967158,4.595252713822161,18.476961389462033
33.333333333333336,77.33320498048967,4.635086546103864,18.031708473406475
34.343434343434346,77.67538703682546,4.682070693663795,17.642542269510745
35.35353535353536,77.95874414044462,4.735310933287185,17.305944926268193
36.36363636363637,78.1876163551702,4.794195626232033,17.018188018597762
37.37373737373738,78.36618122608357,4.8580801097308335,16.775738664185607
38.38383838383839,78.49845377952431,4.9262866969905845,16.575259523485105
39.3939393939394,78.58828652309036,4.99810467719278,16.41360879971686
40.40404040404041,78.6393694456379,5.072790315493411,16.287840238868686
41.41414141414142,78.65523001728141,5.149566853022971,16.195203129695624
42.42424242424243,78.63923318939362,5.227624506886445,16.133142303719932
43.43434343434344,78.5945813946056,5.306120470163324,16.099298135231084
44.44444444444445,78.52431454680664,5.384178911907593,16.091506541285778
45.45454545454546,78.43131004114433,5.460890977147738,16.107798981707937
46.46464646464647,78.3182237105952,5.535690696989673,16.14608559241513
47.47474747474748,78.18812857476455,5.608511341489341,16.203360083746123
48.484848484848484,78.0442381278549,5.679143317326813,16.276618554818302
49.494949494949495,77.88951198774299,5.747380143651706,16.36310786860531
50.505050505050505,77.72665582904807,5.813018533344286,16.46032563760765
51.515151515151516,77.55812138313186,5.875858393015461,16.56602022385268
52.525252525252526,77.3861064380986,5.935702823006789,16.67819073889462
53.535353535353536,77.21255483879499,5.992358117390472,16.795087043814558
54.54545454545455,77.03915648681021,6.045633763969359,16.915209749220434
55.55555555555556,76.86734734047602,6.0953424442769455,17.037310215247054
56.56565656565657,76.69830941486654,6.141300033577373,17.160390551556088
57.57575757575758,76.53297078179853,6.183325600865428,17.28370361733606
58.58585858585859,76.37200556983112,6.221241408866544,17.406753021302354
59.5959595959596,76.21583396426598,6.2548729140368025,17.529293121697226
60.60606060606061,76.06465468060348,6.284054529895045,17.651290789501473
61.61616161616162,75.92039632460066,6.309061312885963,17.770542362513385
62.62626262626263,75.78443686541428,6.3303555731283545,17.885207561457374
63.63636363636364,75.65705191801945,6.34825065502605,17.99469742695451
64.64646464646465,75.53843888187866,6.3630423708045285,18.098518747316813
65.65656565656566,75.42871694094185,6.3750090005109215,18.19627405854723
66.66666666666667,75.32792706364637,6.384411292014008,18.287661644339625
67.67676767676768,75.23603200291697,6.391492461004218,18.37247553607882
68.68686868686869,75.15291629616583,6.396478190993632,18.450605512840546
69.6969696969697,75.07838626529255,6.39957663331598,18.52203710139148
70.70707070707071,75.01217001668414,6.400978407126642,18.586851576189225
71.71717171717172,74.95391744121504,6.400856599402648,18.645225959382316
72.72727272727273,74.90320021424711,6.399366764942679,18.697433020810223
73.73737373737374,74.8595117956296,6.396646926367064,18.743841278003345
74.74747474747475,74.82226742969921,6.392817574117784,18.78491499618301
75.75757575757576,74.79080414528005,6.38798166645847,18.821214188261482
76.76767676767678,74.76470280666514,6.382217225102144,18.853079968232716
77.77777777777779,74.74480685169148,6.3756289736634715,18.879564174645054
78.7878787878788,74.73047604762206,6.368443307494123,18.901080644883823
79.7979797979798,74.72089632875162,6.360873597140091,18.918230074108294
80.80808080808082,74.71533060204236,6.353107408505724,18.93156198945192
81.81818181818183,74.71311874712393,6.345306502853722,18.941574750022347
82.82828282828284,74.71367761629345,6.337606836805138,18.94871554690141
83.83838383838385,74.71650103451549,6.330118562339381,18.95338040314514
84.84848484848486,74.72115979942205,6.32292602679421,18.955914173783743
85.85858585858587,74.72730168131264,6.316087772865741,18.956610545821622
86.86868686868688,74.73465142315419,6.30963653860844,18.955712038237376
87.87878787878789,74.7430107405811,6.303579257435128,18.953410001983784
88.8888888888889,74.75225832189521,6.297897058116981,18.949844619987815
89.89898989898991,74.76234982806585,6.292545264783527,18.945104907150633
90.90909090909092,74.77331789272978,6.287453396922645,18.939228710347585
91.91919191919193,74.78527212219122,6.282525169380572,18.93220270842821
92.92929292929294,74.79839909542187,6.277638492361895,18.923962412216245
93.93939393939395,74.81269856365826,6.272748740039018,18.91455269630273
94.94949494949496,74.82719099494425,6.268188268896109,18.904620736159654
95.95959595959597,74.84162067952326,6.2639968528677485,18.894382467609006
96.96969696969697,74.85585523798855,6.260169995739578,18.88397476627188
97.97979797979798,74.86978003464039,6.256700946621001,18.873519018738634
98.98989898989899,74.88329817748595,6.2535806999451795,18.863121122568884
100.0,74.89633051823945,6.25079799546904,18.852871486291516
