time,stock1,stock2,stock3
0.0,10.0,90.0,0.0
1.2359550561797752,8.419363506656616,64.88415702783787,26.696479465505497
2.4719101123595504,10.315524463451071,46.85292588301161,42.831549653537344
3.7078651685393256,13.840966231448157,34.32203353691562,51.8370002316362
4.943820224719101,18.257285997411717,25.608660819228245,56.13405318336001
6.179775280898876,23.050795211582138,19.552856639198673,57.396348149219165
7.415730337078651,27.945120138746866,15.308282227704249,56.74659763354886
8.651685393258425,32.81437533630668,12.269733495281361,54.91589116841193
9.887640449438202,37.51861134712933,10.077993660123608,52.403394992747025
11.123595505617978,42.007629541469655,8.467500954310953,49.52486950421935
12.359550561797752,46.243107795971255,7.263419011357802,46.493473192670905
13.595505617977526,50.18417156405902,6.361625952072797,43.454202483868144
14.831460674157302,53.82488095813143,5.67930454832098,40.49581449354755
16.06741573033708,57.17146538104802,5.157893589093961,37.67064102985798
17.30337078651685,60.229164123870206,4.756886502658389,35.01394937347137
18.539325842696627,63.00334276576012,4.451370713113296,32.545286521126556
19.775280898876403,65.5064867847274,4.221282754308275,30.27223046096429
21.01123595505618,67.75559638522157,4.050763127194958,28.193640487583444
22.247191011235955,69.76638055322834,3.92851192949935,26.305107517272276
23.483146067415728,71.55400815914466,3.8456093423805475,24.600382498474755
24.719101123595504,73.13310795777872,3.795515630430731,23.071376411790514
25.95505617977528,74.51807019251537,3.7735847833893805,21.70834502409521
27.191011235955052,75.7235781902598,3.7755184659452006,20.50090334379496
28.42696629213483,76.76278924567822,3.7987848014371894,19.438425952884558
29.662921348314605,77.64818887443192,3.8410530254340065,18.51075810013403
30.89887640449438,78.39169097107089,3.9000400780341002,17.708268950894983
32.13483146067416,79.00463780903367,3.9735106038657078,17.021851587100585
33.37078651685393,79.49780004064753,4.059276952086855,16.44292300726557
34.6067415730337,79.88137669712836,4.155199176385357,15.963424126486252
35.84269662921348,80.16532320720239,4.258467568109773,15.576209224687798
37.078651685393254,80.35862274652338,4.367904603747807,15.273472649728777
38.31460674157303,80.46937407724388,4.483707681735333,15.046918241020741
39.550561797752806,80.50546422962637,4.605697164464885,14.888838605908711
40.78651685393258,80.47456867920123,4.733315935284587,14.792115385514155
42.02247191011236,80.38415134676683,4.865629398498147,14.750219254734985
43.258426966292134,80.24146459838954,5.001325479364861,14.757209922245563
44.49438202247191,80.05354924540366,5.138714624099614,14.807736130496696
45.73033707865168,79.82723454441145,5.275729799872874,14.897035655715637
46.966292134831455,79.56913819728318,5.4099264948107,15.020935307906088
48.20224719101123,79.28566635115703,5.5384827179947385,15.175850930848194
49.43820224719101,78.9830135984392,5.658198999462218,15.358787402098551
50.674157303370784,78.66731654576758,5.766723969196745,15.565959485035641
51.91011235955056,78.34506578053384,5.8670779460403475,15.787856273425763
53.146067415730336,78.02176365313011,5.959623609799405,16.018612737070438
54.382022471910105,77.7021725535289,6.044262545686756,16.25356490078431
55.61797752808988,77.39038192421245,6.120944297398815,16.488673778388698
56.85393258426966,77.0898082601728,6.189666367115571,16.72052537271159
58.08988764044943,76.80319510891171,6.250474215500592,16.946330675587653
59.32584269662921,76.53261307044073,6.303461261701022,17.16392566785821
60.561797752808985,76.27945979728112,6.348768883347578,17.371771319371266
61.79775280898876,76.0444599944639,6.386586416554556,17.568953588981497
63.03370786516854,75.8276654195299,6.417151155919828,17.75518342455024
64.26966292134831,75.62845488252961,6.440748354524839,17.930796762945516
65.50561797752809,75.44697587192819,6.457668697354193,18.095355430717575
66.74157303370787,75.28625312580972,6.468473039860449,18.245273834329794
67.97752808988764,75.14529223893547,6.474150464357483,18.380557296707007
69.2134831460674,75.02280860926065,6.475607235859152,18.50158415488016
70.44943820224718,74.91755573506634,6.473643517716786,18.60880074721683
71.68539325842696,74.82832521495953,6.468953371619193,18.702721413421234
72.92134831460673,74.75394674787307,6.462124757592658,18.783928494534226
74.15730337078651,74.69328813306572,6.453639534000942,18.853072332933294
75.39325842696628,74.64525527012209,6.443873457545284,18.910871272332578
76.62921348314606,74.60879215895271,6.433096183264398,18.95811165778284
77.86516853932584,74.58288089979399,6.4214712645344765,18.99564783567149
79.10112359550561,74.5665416932082,6.409056153069186,19.024402153722576
80.33707865168539,74.55883284008351,6.3958021989196725,19.045364960996775
81.57303370786516,74.55909864126588,6.381829845857541,19.05907151287653
82.80898876404494,74.56661040135833,6.367844078370446,19.06554552027118
84.04494382022472,74.57978472482321,6.354134304403456,19.066080970773278
85.28089887640449,74.5972011768688,6.340922426438506,19.06187639669266
86.51685393258427,74.61763800332936,6.328386098174912,19.053975898495676
87.75280898876404,74.64007213066536,6.316658724529377,19.04326914480521
88.98876404494382,74.66367916596329,6.305829461635989,19.03049137240067
90.22471910112358,74.68783339693573,6.2959432168462195,19.016223386217998
91.46067415730336,74.71210779192137,6.287000648728922,19.000891559349657
92.69662921348313,74.73627399988497,6.278958167070338,18.984767833044643
93.93258426966291,74.76030235041739,6.271727932874091,18.967969716708474
95.16853932584269,74.78436185373556,6.265177858361189,18.9504602879032
96.40449438202246,74.80882020068253,6.259131606970025,18.9320481923474
97.64044943820224,74.83332240146686,6.253620974156268,18.913056624376825
98.87640449438202,74.85667329555359,6.248879442442149,18.894447262004213
100.11235955056179,74.87870520579126,6.244845682995986,18.8764491112127
101.34831460674157,74.8992938739879,6.24145958911639,18.859246536895665
102.58426966292134,74.91834790327835,6.238665285188068,18.842986811533542
103.82022471910112,74.9358087581243,6.236411126681816,18.827780115193843
105.0561797752809,74.9516507643143,6.234649700154523,18.813699535531136
106.29213483146067,74.96588110896371,6.233337823249169,18.800781067787067
107.52808988764045,74.97853984051478,6.232436544694829,18.78902361479033
108.76404494382021,74.98969986873658,6.2319111443066655,18.778388986956706
110.0,74.99946696472499,6.231731132985937,18.76880190228902
