time,stock1,stock2,stock3
0.0,25.0,75.0,0.0
1.0101010101010102,19.972056955084078,60.56852805468994,19.459414990225966
2.0202020202020203,18.501011601714417,48.308445366929476,33.190543031356086
3.0303030303030303,19.086676845193445,38.48027750366696,42.43304565113959
4.040404040404041,20.916741893666973,30.807029321260295,48.27622878507273
5.050505050505051,23.514628829505718,24.874927494066952,51.61044367642734
6.0606060606060606,26.550241625286535,20.32230068752597,53.12745768718749
7.070707070707071,29.82229413447805,16.82560918452362,53.35209668099833
8.080808080808081,33.236079951680296,14.106004833701284,52.65791521461842
9.090909090909092,36.69000015863693,11.974613328702224,51.33538651266085
10.101010101010102,40.07471943179532,10.322177194996733,49.60310337320794
11.111111111111112,43.357684829863814,9.024984481184845,47.61733068895133
12.121212121212121,46.52165553091306,7.992540067943959,45.48580440114297
13.131313131313131,49.54486467550543,7.163441783282718,43.291693541211835
14.141414141414142,52.406064387592785,6.498119302368073,41.095816310039126
15.151515151515152,55.09495004256612,5.964024115827568,38.941025841606304
16.161616161616163,57.61372113375499,5.53209857449349,36.854180291751504
17.171717171717173,59.964233889951466,5.181724657336092,34.85404145271243
18.181818181818183,62.148652469562656,4.89694345360059,32.95440407683674
19.191919191919194,64.16944896061075,4.666455162807159,31.16409587658207
20.202020202020204,66.02970115718216,4.483102777406872,29.487196065410956
21.212121212121215,67.73642577718554,4.338491768837001,27.925082453977435
22.222222222222225,69.29735179499784,4.2265436567024715,26.476104548299666
23.232323232323235,70.71971032509558,4.142600515302868,25.137689159601543
24.242424242424242,72.01054661566458,4.082682610524176,23.906770773811218
25.252525252525253,73.17672004860012,4.043488399838786,22.77979155156108
26.262626262626263,74.22490413950672,4.022394532305488,21.752701328187783
27.272727272727273,75.16158877683912,4.017451987754541,20.820959235406324
28.282828282828284,75.99349485638774,4.02665887530441,19.97984626830784
29.292929292929294,76.72709678399721,4.048496340374838,19.224406875627942
30.303030303030305,77.36838426282625,4.0819655077067445,18.54965022946699
31.313131313131315,77.92315010665482,4.126049667795915,17.95080022554926
32.323232323232325,78.39699023988406,4.179714276893001,17.42329548322292
33.333333333333336,78.7953036975364,4.241906957003518,16.962789345460067
34.343434343434346,79.12329262525543,4.311557495887852,16.565149878856694
35.35353535353536,79.38596227930601,4.387577847061251,16.22645987363272
36.36363636363637,79.58812102657419,4.468862129793829,15.943016843631963
37.37373737373738,79.73438034295039,4.554286626181632,15.711333030867968
38.38383838383839,79.829006364954,4.642548113839441,15.528445521206546
39.3939393939394,79.87627050811149,4.7330753385992885,15.390654153289207
40.40404040404041,79.88051405782167,4.82575065703586,15.293735285142462
41.41414141414142,79.84590885889823,4.9203598715882535,15.233731269513502
42.42424242424243,79.77645731556981,5.0165922305599935,15.206950453870183
43.43434343434344,79.67599239147992,5.114040428119025,15.20996718040104
44.44444444444445,79.548177609687,5.21220060429771,15.23962178601528
45.45454545454546,79.39650705266438,5.310472344992835,15.293020602342779
46.46464646464647,79.22430536230029,5.408158681965606,15.367535955734095
47.47474747474748,79.03472773989789,5.504466092841648,15.46080616726045
48.484848484848484,78.83075994617523,5.598504501111009,15.570735552713746
49.494949494949495,78.61521830126527,5.689287276128159,15.695494422606554
50.505050505050505,78.39074968471589,5.775731233111983,15.833519082172122
51.515151515151516,78.15983153548983,5.8566566331457945,15.98351183136437
52.525252525252526,77.92477185196478,5.93078718317732,16.144440964857885
53.535353535353536,77.68842883434257,5.998275402326348,16.313295763331073
54.54545454545455,77.45390750467124,6.060544981182574,16.485547514146187
55.55555555555556,77.2233231913577,6.117675119876843,16.65900168876545
56.56565656565657,76.99853823450215,6.169754135476155,16.83170763002169
57.57575757575758,76.78116456805607,6.216884569679726,17.0019508622642
58.58585858585859,76.57256371982224,6.259183188818997,17.16825309135875
59.5959595959596,76.37384681145478,6.296780983857628,17.329372204687584
60.60606060606061,76.18587455845906,6.329823170391501,17.48430227114942
61.61616161616162,76.00925727019182,6.35846918864872,17.632273541159453
62.62626262626263,75.84435484986105,6.382892703489609,17.77275244664934
63.63636363636364,75.69127679452606,6.403281604406712,17.905441601067217
64.64646464646465,75.5498821950975,6.419838005524797,18.0302797993777
65.65656565656566,75.41977973633728,6.432778245600851,18.147442018061867
66.66666666666667,75.30032769685863,6.442332888024083,18.25733941511728
67.67676767676768,75.19076465466763,6.448731935976341,18.360503409356014
68.68686868686869,75.09282981089088,6.451989290005611,18.455180899103496
69.6969696969697,75.00665237543429,6.452474813506364,18.540872811059334
70.70707070707071,74.93129521625106,6.450668002999512,18.61803678074942
71.71717171717172,74.8658788637009,6.447000896839387,18.687120239459706
72.72727272727273,74.80958151055003,6.441858075213749,18.7485604142362
73.73737373737374,74.76163901197124,6.43557666014378,18.802784327884964
74.74747474747475,74.72134488554377,6.428446315484088,18.850208798972123
75.75757575757576,74.68805031125343,6.420709246922706,18.891240441823847
76.76767676767678,74.66116413149253,6.41256020198109,18.926275666526372
77.77777777777779,74.64015285105987,6.404146470014122,18.95570067892599
78.7878787878788,74.62454063716083,6.395567882210108,18.979891480629046
79.7979797979798,74.61390931940727,6.386876811590779,18.999213869001938
80.80808080808082,74.60789838981756,6.37807817301129,19.014023437171133
81.81818181818183,74.60620500281662,6.3691294231602225,19.02466557402314
82.82828282828284,74.60858397523587,6.359940560559579,19.031475464204533
83.83838383838385,74.61484778631325,6.35037412556479,19.034778088121943
84.84848484848486,74.62471006911694,6.340602999967091,19.034686930915942
85.85858585858587,74.63749264135868,6.331092600688758,19.031414757952554
86.86868686868688,74.65254968089704,6.32191992472768,19.02553039437526
87.87878787878789,74.66930223676428,6.313147997414746,19.017549765820956
88.8888888888889,74.68723761526482,6.304828736226218,19.00793364850894
89.89898989898991,74.70590937997535,6.297002950783728,18.9970876692409
90.90909090909092,74.72493735174477,6.2897003428542755,18.985362305400933
91.91919191919193,74.74400760869422,6.282939506350233,18.97305288495553
92.92929292929294,74.76287248621708,6.276727927329338,18.96039958645357
93.93939393939395,74.78135057697894,6.271061983994704,18.947587439026343
94.94949494949496,74.79932673091764,6.265926946694811,18.934746322387532
95.95959595959597,74.81675205524326,6.261296977923509,18.921950966833222
96.96969696969697,74.83364391443807,6.257135132320019,18.909220953241892
97.97979797979798,74.85008593025664,6.253393356668931,18.89652071307442
98.98989898989899,74.8662279817257,6.250012489900205,18.88375952837408
100.0,74.88228620514427,6.246922263089171,18.870791531766542
