time,stock1,stock2,stock3
0.0,30.0,70.0,0.0
1.0101010101010102,24.08818531154345,57.57918488271278,18.332629805743775
2.0202020202020203,21.864164023396857,46.621046342914596,31.514789633688558
3.0303030303030303,21.84186879910981,37.59817491553018,40.559956285360016
4.040404040404041,23.188447332311917,30.40687179846844,46.404680869219646
5.050505050505051,25.388650097615468,24.761712926912022,49.849636975472514
6.0606060606060606,28.100309851169897,20.370596107413057,51.52909404141705
7.070707070707071,31.094730219453794,16.96649337132264,51.93877640922358
8.080808080808081,34.274888596309445,14.294543459092688,51.430567944597875
9.090909090909092,37.54661605304301,12.173447345058134,50.27993660189886
10.101010101010102,40.79405865988717,10.504449813005982,48.70149152710686
11.111111111111112,43.93730280587162,9.207804285839284,46.85489290828911
12.121212121212121,46.97621139975545,8.172985072699733,44.85080352754483
13.131313131313131,49.89093668922156,7.3396927632138205,42.76937054756463
14.141414141414142,52.66286176213025,6.66483339996513,40.67230483790463
15.151515151515152,55.275545989869606,6.120961198751793,38.60349281137861
16.161616161616163,57.72555037880265,5.680721529557125,36.59372809164022
17.171717171717173,60.01528497793455,5.323098940755205,34.66161608131025
18.181818181818183,62.147049950873345,5.0321889422659085,32.82076110686075
19.191919191919194,64.12347839593384,4.795704383938819,31.080817220127347
20.202020202020204,65.94753634613757,4.604975455553232,29.447488198309216
21.212121212121215,67.6228295926944,4.454398243366447,27.922772163939154
22.222222222222225,69.15624031158438,4.337015480206109,26.506744208209515
23.232323232323235,70.55496927706572,4.2479829420218085,25.197047780912474
24.242424242424242,71.82581014166715,4.183499745741641,23.990690112591217
25.252525252525253,72.97537252450874,4.140271804305473,22.884355671185794
26.262626262626263,74.01008201130192,4.115511826664942,21.874406162033143
27.272727272727273,74.93618015434947,4.106939317783458,20.956880527867074
28.282828282828284,75.75972447254554,4.112780578636202,20.12749494881826
29.292929292929294,76.48678963187454,4.131408233716249,19.38180213440921
30.303030303030305,77.12348280911102,4.161269513855017,18.71524767703396
31.313131313131315,77.67540181536566,4.201513787599555,18.123084397034784
32.323232323232325,78.14796057034212,4.2512691236447315,17.60077030601315
33.333333333333336,78.54639710762267,4.3096270615006755,17.143975830876656
34.343434343434346,78.8757735746682,4.3756426114927764,16.748583813839026
35.35353535353536,79.1409762328182,4.448334254761687,16.410689512420113
36.36363636363637,79.3467154572908,4.526683943263319,16.12660059944588
37.37373737373738,79.49752573718273,4.609637099768847,15.892837163048425
38.38383838383839,79.59776567546933,4.696102617864703,15.706131706665971
39.3939393939394,79.65159528133415,4.784945749265774,15.56345896940007
40.40404040404041,79.66272019491132,4.875146026590635,15.462133778498051
41.41414141414142,79.63528279396566,4.966402946229446,15.398314259804895
42.42424242424243,79.57344525709246,5.0585014759971925,15.368053266910351
43.43434343434344,79.48116600439494,5.151161029396859,15.367672966208206
44.44444444444445,79.3621996974843,5.244035465619435,15.393764836896262
45.45454545454546,79.22009723947973,5.336713089543907,15.443189670976361
46.46464646464647,79.05820577500837,5.428716651737266,15.513077573254366
47.47474747474748,78.87966869020532,5.519503348454502,15.600827961340173
48.484848484848484,78.6874256127137,5.6084648216386075,15.704109565647698
49.494949494949495,78.48421241168452,5.694927158920577,15.820860429394896
50.505050505050505,78.27256119777685,5.778150893619405,15.949287908603743
51.515151515151516,78.05480032315766,5.857331004742088,16.087868672100242
52.525252525252526,77.83305438150195,5.931596916983624,16.235348701514432
53.535353535353536,77.60924420799263,6.00001250072701,16.39074329128037
54.54545454545455,77.3851346112173,6.061634228385016,16.553231160397683
55.55555555555556,77.16371602491947,6.117361345019139,16.718922630061392
56.56565656565657,76.94734624975996,6.1679799365031815,16.884673813736864
57.57575757575758,76.7375965830874,6.213650871882266,17.048752545030336
58.58585858585859,76.53582410466989,6.254542402337336,17.20963349299279
59.5959595959596,76.34317167669492,6.290830161185153,17.365998162119922
60.60606060606061,76.16056794376954,6.322697163878302,17.51673489235217
61.61616161616162,75.98872733292012,6.350333808005188,17.660938859074694
62.62626262626263,75.82815005359258,6.373937873290036,17.797912073117388
63.63636363636364,75.67912209765224,6.393714521592891,17.927163380754877
64.64646464646465,75.54171523938388,6.409876296909621,18.048408463706508
65.65656565656566,75.41578703549172,6.422643125371911,18.16156983913637
66.66666666666667,75.30098082509946,6.4322423152472705,18.26677685965327
67.67676767676768,75.19672572975023,6.438908556939027,18.36436571331075
68.68686868686869,75.10223665340659,6.44288392298633,18.454879423607085
69.6969696969697,75.01690679710094,6.444369755621329,18.538723447277736
70.70707070707071,74.9424756488255,6.443351687936754,18.614172663237742
71.71717171717172,74.87844363299165,6.44021694047455,18.681339426533814
72.72727272727273,74.82381068564739,6.435391224724281,18.740798089628335
73.73737373737374,74.77765121854165,6.429254881539613,18.793093899918745
74.74747474747475,74.7391141191242,6.422142881138318,18.838742999737494
75.75757575757576,74.70742275054565,6.414344823102271,18.878232426352085
76.76767676767678,74.68187495165752,6.40610493637745,18.912020111965045
77.77777777777779,74.66184303701213,6.397622079273941,18.940534883713937
78.7878787878788,74.64677379686272,6.38904973946593,18.964176463671357
79.7979797979798,74.63618849716336,6.380496033991711,18.98331546884494
80.80808080808082,74.62968287956899,6.3720237092536784,18.998293411177347
81.81818181818183,74.62692716143539,6.363650141018334,19.009422697546277
82.82828282828284,74.62766603581926,6.355347334416282,19.016986629764467
83.83838383838385,74.6317186714781,6.347041923942232,19.021239404579678
84.84848484848486,74.6389787128703,6.338615173454996,19.022406113674716
85.85858585858587,74.6494142801551,6.329902976177493,19.020682743667415
86.86868686868688,74.66259092954517,6.3211073424363375,19.016301728018497
87.87878787878789,74.67764091418331,6.312678014496825,19.009681071319875
88.8888888888889,74.69410924542916,6.304653719313206,19.00123703525764
89.89898989898991,74.711589689362,6.297065147407117,18.991345163230893
90.90909090909092,74.72972344196234,6.289936216890941,18.98034034114673
91.91919191919193,74.748199129112,6.2832840734678115,18.9685167974202
92.92929292929294,74.76675280659407,6.277119090431612,18.956128102974336
93.93939393939395,74.78516796009289,6.271444868666976,18.943387171240143
94.94949494949496,74.80327550519412,6.2662582366492865,18.9304662581566
95.95959595959597,74.82095378738467,6.261549250444674,18.917496962170663
96.96969696969697,74.83812858205273,6.257301193710021,18.904570224237258
97.97979797979798,74.85477309448777,6.25349057769296,18.89173632781928
98.98989898989899,74.87090795988053,6.2500871412318695,18.879004898887615
100.0,74.88660124332301,6.247053850755881,18.866344905921107
