time,stock1,stock2,stock3
0.0,5.0,95.0,0.0
1.0101010101010102,4.730738098380643,71.49145123159798,23.777810670021406
2.0202020202020203,6.602620984850617,53.99130355030714,39.406075464842246
3.0303030303030303,9.59640117561373,41.19164972335259,49.211949101033696
4.040404040404041,13.232751845069131,31.850177702066446,54.917070452864436
5.050505050505051,17.230793716263584,25.0042714294123,57.76493485432414
6.0606060606060606,21.382364412140724,19.96677892542362,58.65085666243568
7.070707070707071,25.59826639429878,16.20996627016738,58.19176733553386
8.080808080808081,29.775446808085093,13.385095621551862,56.83945757036306
9.090909090909092,33.84468699619873,11.24354047784767,54.911772525953616
10.101010101010102,37.78028696522003,9.596085573503355,52.62362746127663
11.111111111111112,41.55019588336818,8.313791469543759,50.13601264708807
12.121212121212121,45.12083046880645,7.314969004598761,47.56420052659479
13.131313131313131,48.48654732390909,6.528484638089601,44.98496803800132
14.141414141414142,51.64771169884358,5.90334789513942,42.448940406017016
15.151515151515152,54.60355455848003,5.402197659587691,39.99424778193229
16.161616161616163,57.352744768689305,5.000112892597475,37.64714233871324
17.171717171717173,59.8965229623852,4.680065767823926,35.42341126979088
18.181818181818183,62.24460547396521,4.424227574513608,33.33116695152119
19.191919191919194,64.40582794990232,4.2209619208247,31.373210129272984
20.202020202020204,66.38877222374136,4.060793576303178,29.550434199955475
21.212121212121215,68.20183411005331,3.9362894913791586,27.861876398567546
22.222222222222225,69.85322340443533,3.8420587973669007,26.304717798197785
23.232323232323235,71.35119915249263,3.774359416649881,24.874441430857505
24.242424242424242,72.70510107557052,3.729094669176227,23.565804255253255
25.252525252525253,73.9234683311453,3.703711581982119,22.37282008687259
26.262626262626263,75.01439008937656,3.6960628500943633,21.28954706052908
27.272727272727273,75.98563495296233,3.7041786268743753,20.310186420163305
28.282828282828284,76.84465095713901,3.7262665240181794,19.429082518842822
29.292929292929294,77.5985655696814,3.7607116115564088,18.6407228187622
30.303030303030305,78.2541856909027,3.8060764178543063,17.939737891243
31.313131313131315,78.81801362143507,3.8610808546088613,17.320905523956068
32.323232323232325,79.29667828866587,3.9240869312251347,16.779234780109
33.333333333333336,79.69578522646064,3.994571166066569,16.30964360747279
34.343434343434346,80.02041664435988,4.07240203802605,15.907181317614072
35.35353535353536,80.27555546855464,4.157290769597597,15.567153761847768
36.36363636363637,80.46608534188655,4.248791326876361,15.285123331237081
37.37373737373738,80.59679062384788,4.346300419558625,15.056908956593492
38.38383838383839,80.67235639058143,4.449057500941804,14.878586108476767
39.3939393939394,80.6973684348806,4.556144767924447,14.746486797194946
40.40404040404041,80.67631326618941,4.666487161006236,14.657199572804355
41.41414141414142,80.61357811060242,4.778852364287981,14.607569525109605
42.42424242424243,80.51345091086479,4.891850805471628,14.594698283663577
43.43434343434344,80.38012032637229,5.003935655860256,14.615944017767445
44.44444444444445,80.21767272066255,5.11341060168381,14.668916677653637
45.45454545454546,80.02966483338359,5.220095348672558,14.750239817943852
46.46464646464647,79.81995171141456,5.3244305622158,14.855617726369642
47.47474747474748,79.59257260459408,5.4260721104632985,14.981355284942625
48.484848484848484,79.35128006423464,5.524675715136055,15.124044220629298
49.494949494949495,79.09953994312264,5.619896951526314,15.280563105351053
50.505050505050505,78.84053139551827,5.711391248497563,15.44807735598417
51.515151515151516,78.57714687715566,5.798813888484528,15.624039234359817
52.525252525252526,78.31199214524277,5.881820007493177,15.80618784726405
53.535353535353536,78.04738625846146,5.960064595100722,15.992549146437817
54.54545454545455,77.78536157696743,6.033202494455612,16.18143592857695
55.55555555555556,77.52766376239029,6.100888402277542,16.371447835332173
56.56565656565657,77.27575177783345,6.162776868857446,16.561471353309102
57.57575757575758,77.03079788787427,6.218522298057499,16.750679814068235
58.58585858585859,76.79368765856393,6.26777894731112,16.938533394124963
59.5959595959596,76.56563218284558,6.310425020305089,17.12394279684934
60.60606060606061,76.34929690021508,6.347238882107604,17.303464217677313
61.61616161616162,76.14547169864106,6.378681938005191,17.475846363353742
62.62626262626263,75.95463904256908,6.405149709854539,17.640211247576378
63.63636363636364,75.777146030437,6.427022066273851,17.795831903289148
64.64646464646465,75.613204394675,6.444663222642846,17.942132382682157
65.65656565656566,75.46289050170554,6.458421741102761,18.078687757191695
66.66666666666667,75.32614535194342,6.468630530556347,18.205224117500222
67.67676767676768,75.20277457979573,6.475606846667875,18.321618573536398
68.68686868686869,75.09244845366183,6.479652291863129,18.427899254475037
69.6969696969697,74.99470187593344,6.48105281532941,18.52424530873715
70.70707070707071,74.90893438299454,6.480078713015535,18.610986903989925
71.71717171717172,74.83441014522144,6.47698462763184,18.688605227146724
72.72727272727273,74.77025796698273,6.472009548650172,18.757732484367097
73.73737373737374,74.71547128663934,6.4653768123039,18.819151901056763
74.74747474747475,74.66965634822495,6.45724138169542,18.87310227007964
75.75757575757576,74.63365951278054,6.447748342012331,18.91859214520713
76.76767676767678,74.60633956259005,6.437258348388437,18.956402089021513
77.77777777777779,74.58653308948634,6.42610273663794,18.987364173875733
78.7878787878788,74.57318678940288,6.41457107475471,19.01224213584241
79.7979797979798,74.56535746237388,6.402911162912282,19.031731374713843
80.80808080808082,74.56221201253413,6.391329033463862,19.046458954002013
81.81818181818183,74.5630274481191,6.379988950942321,19.05698360093858
82.82828282828284,74.56719088146492,6.369013412060201,19.063795706474885
83.83838383838385,74.57419952900835,6.358483145709706,19.06731732528194
84.84848484848486,74.58366071128684,6.348437112962713,19.06790217575045
85.85858585858587,74.59529185293844,6.3388725070707626,19.065835639990794
86.86868686868688,74.60892048270192,6.329744753465067,19.061334763833024
87.87878787878789,74.62448423341662,6.320967509756502,19.05454825682688
88.8888888888889,74.6420308420226,6.312412665735613,19.045556492241783
89.89898989898991,74.66171814956056,6.303910343372614,19.034371507066826
90.90909090909092,74.68307696037715,6.295578103619138,19.021344936003707
91.91919191919193,74.70496997749714,6.287808091642106,19.007221930860744
92.92929292929294,74.72710236617387,6.280605470487357,18.992292163338778
93.93939393939395,74.74921997084434,6.273968189932557,18.9768118392231
94.94949494949496,74.77110091162699,6.26789083351409,18.961008254858914
95.95959595959597,74.79255558432159,6.262364618527063,18.94507979715134
96.96969696969697,74.81342666040929,6.257377396025302,18.9291959435654
97.97979797979798,74.83358908705262,6.252913650821353,18.91349726212603
98.98989898989899,74.85295008709545,6.248954501486483,18.898095411418073
100.0,74.87144915906305,6.245477700350677,18.88307314058628
