time,stock1,stock2,stock3
0.0,20.0,80.0,0.0
1.0101010101010102,15.984170948407662,63.44926781956188,20.566561232030462
2.0202020202020203,15.30557516596874,49.879798066532246,34.81462676749902
3.0303030303030303,16.49942517489264,39.27101158271314,44.22956324239423
4.040404040404041,18.798636785334597,31.144458643929482,50.056904570735924
5.050505050505051,21.77992777762016,24.94649923141805,53.273572990961824
6.0606060606060606,25.124942676873307,20.247913794528785,54.627143528597905
7.070707070707071,28.654130877493888,16.67385733481441,54.6720117876917
8.080808080808081,32.278855096876036,13.919747133897326,53.80139776922663
9.090909090909092,35.89969920656749,11.784297006286062,52.31600378714644
10.101010101010102,39.42840558842588,10.134800721082673,50.43679369049145
11.111111111111112,42.84360619683166,8.840218902426226,48.31617490074211
12.121212121212121,46.123360969164715,7.812678222264617,46.06396080857068
13.131313131313131,49.244646130419575,6.9913080210787335,43.764045848501695
14.141414141414142,52.186683504515685,6.337462596533442,41.47585389895088
15.151515151515152,54.94778807819046,5.812544648548981,39.23966727326056
16.161616161616163,57.53024169642405,5.388992454972654,37.080765848603306
17.171717171717173,59.936092403042764,5.045821220060871,35.01808637689638
18.181818181818183,62.16761494314831,4.767619971471495,33.0647650853802
19.191919191919194,64.22732105170493,4.544533147194542,31.228145801100535
20.202020202020204,66.12080840238123,4.367697637463882,29.511493960154898
21.212121212121215,67.8566568854577,4.228742609438433,27.914600505103877
22.222222222222225,69.44261238553737,4.12204146136058,26.435346153102056
23.232323232323235,70.8862235080066,4.04279334459846,25.070983147394955
24.242424242424242,72.19484157903503,3.9870231636459526,23.818135257319025
25.252525252525253,73.37562064557567,3.9515815761226856,22.67279777830165
26.262626262626263,74.4355174753648,3.9341449927740344,21.63033753186116
27.272727272727273,75.38166539198602,3.9325778921652357,20.68575671584875
28.282828282828284,76.22113182604106,3.9449884875740637,19.833879686384883
29.292929292929294,76.96033244555218,3.9702534615138894,19.069414092933926
30.303030303030305,77.60546440139481,4.00724965870467,18.387285939900515
31.313131313131315,78.16250763822642,4.05485192370282,17.782640438070764
32.323232323232325,78.63722489448651,4.11193310090121,17.25084200461229
33.333333333333336,79.03516170239665,4.177364034529165,16.787474263074188
34.343434343434346,79.36164638796049,4.25001356865247,16.388340043387046
35.35353535353536,79.6217900709637,4.328748547173362,16.04946138186294
36.36363636363637,79.82048569385135,4.41241734506438,15.767096961084277
37.37373737373738,79.96238217821387,4.499555381347217,15.538062440438916
38.38383838383839,80.05198402344783,4.589771788850437,15.358244187701732
39.3939393939394,80.0936729626126,4.68301332075179,15.223313716635609
40.40404040404041,80.09168939578959,4.779104026878622,15.129206577331798
41.41414141414142,80.0501323900822,4.877745253707879,15.072122356209928
42.42424242424243,79.97295967961591,4.978515644366099,15.048524676017989
43.43434343434344,79.86398766553823,5.080871138629422,15.055141195832354
44.44444444444445,79.72689141601866,5.1841449729235825,15.08896361105776
45.45454545454546,79.56520466624877,5.2875476803239145,15.14724765342732
46.46464646464647,79.38231981844214,5.390167090555346,15.22751309100251
47.47474747474748,79.1814879418344,5.4909683299924055,15.327543728173188
48.484848484848484,78.9658187726832,5.588793821659215,15.445387405657575
49.494949494949495,78.73828071426823,5.682363285229497,15.57935600050227
50.505050505050505,78.50170083689119,5.770273737026572,15.72802542608224
51.515151515151516,78.25877198124566,5.8510215502267515,15.890206468527602
52.525252525252526,78.01278190991569,5.925412876830378,16.06180521325394
53.535353535353536,77.7668128335335,5.994605486033895,16.23858168043261
54.54545454545455,77.52328105822048,6.058612892736124,16.41810604904341
55.55555555555556,77.28432950294116,6.117466541387929,16.59820395567092
56.56565656565657,77.05182769950329,6.171215805992207,16.776956494504503
57.57575757575758,76.82737179255781,6.219927990103901,16.952700217338286
58.58585858585859,76.61228453959883,6.263688326829987,17.124027133571182
59.5959595959596,76.40761531096364,6.302599978829482,17.289784710206888
60.60606060606061,76.2141400898327,6.336784038313442,17.449075871853864
61.61616161616162,76.03236147222968,6.366379527044961,17.601259000725356
62.62626262626263,75.86250866702144,6.391543396339172,17.745947936639393
63.63636363636364,75.70453749591799,6.412450527063246,17.883011977018768
64.64646464646465,75.55813039347254,6.429293729636394,18.01257587689107
65.65656565656566,75.42269640708149,6.442283744029867,18.135019848888643
66.66666666666667,75.29783329716395,6.4516100012003665,18.25055670163569
67.67676767676768,75.18566575443369,6.457365349671061,18.356968895895253
68.68686868686869,75.08588376733674,6.460027072387158,18.454089160276098
69.6969696969697,74.99764378032187,6.4600903825463245,18.542265837131815
70.70707070707071,74.92014409750584,6.458002666107392,18.621853236386773
71.71717171717172,74.8526248826735,6.45416348179035,18.693211635536155
72.72727272727273,74.79436815927771,6.4489245610763515,18.756707279645934
73.73737373737374,74.7446978104394,6.442589808207707,18.812712381352885
74.74747474747475,74.70297957894753,6.43541530018789,18.861605120864574
75.75757575757576,74.66862106725908,6.427609286781536,18.90376964595938
76.76767676767678,74.64107173749909,6.419332190514437,18.939596071986468
77.77777777777779,74.61982291146064,6.41069660667355,18.969480481865805
78.7878787878788,74.60440777060485,6.4017673033069915,18.99382492608816
79.7979797979798,74.59440135606087,6.392561221224038,19.013037422715094
80.80808080808082,74.5894205686259,6.383047473995127,19.027531957378976
81.81818181818183,74.58912416876518,6.373147347951858,19.03772848328296
82.82828282828284,74.59322251555578,6.362772695442188,19.044004789002024
83.83838383838385,74.60141231149629,6.352357676749845,19.046230011753863
84.84848484848486,74.61298000971719,6.342152995917164,19.044866994365634
85.85858585858587,74.62720121779333,6.332256492812038,19.040542289394633
86.86868686868688,74.64342800684824,6.322751414085136,19.033820579066624
87.87878787878789,74.66108891155427,6.313706413169893,19.02520467527583
88.8888888888889,74.67968893013254,6.305175550282518,19.015135519584934
89.89898989898991,74.69880952435292,6.297198292421993,19.00399218322508
90.90909090909092,74.71810861953406,6.289799513370069,18.992091867095866
91.91919191919193,74.73732060454337,6.282989493691266,18.97968990176536
92.92929292929294,74.75625633179703,6.276763920732881,18.966979747470084
93.93939393939395,74.77480311725999,6.271103888624977,18.954092994115026
94.94949494949496,74.79292474044598,6.265975898280392,18.941099361273626
95.95959595959597,74.81066144441748,6.261331857394733,18.92800669818779
96.96969696969697,74.82812993578573,6.25710908044638,18.914760983767884
97.97979797979798,74.84552338471077,6.253230288696483,18.901246326592734
98.98989898989899,74.86306466918315,6.24961396815278,18.88732136266407
100.0,74.88009453321143,6.246373842663231,18.873531624125324
