time,stock1,stock2,stock3
1.0,32.782001215807405,51.33787789309664,15.880120891095904
2.0,29.19201145930708,43.00876533374884,27.799223206944028
3.0,27.958348275287552,35.69688574067178,36.34476598404063
4.0,28.25865913858014,29.579164716142326,42.16217614527764
5.0,29.56162467095394,24.59206561373295,45.84630971531318
6.0,31.5169183785792,20.581419223600673,47.90166239782009
7.0,33.887275439970914,17.375664640006846,48.737059920022034
8.0,36.5078858590821,14.817093296334106,48.67502084458347
9.0,39.26197608699785,12.772262074873009,47.965761838128955
10.0,42.0657442720641,11.13296921088714,46.80128651704843
11.0,44.85873022243892,9.813490631343303,45.32777914621734
12.0,47.597416135114976,8.74674949489667,43.65583436998777
13.0,50.25081301043142,7.88057112991546,41.86861585965265
14.0,52.79731586576176,7.174446098395532,40.028238035842094
15.0,55.22240282840478,6.596893807932713,38.18070336366187
16.0,57.51691705284061,6.123383260702235,36.35969968645642
17.0,59.67576462446241,5.73472259135773,34.58951278417902
18.0,61.69691750377191,5.4158239761911515,32.8872585200361
19.0,63.580644950362654,5.154760916129205,31.264594133507206
20.0,65.32891886104103,4.942049668719604,29.72903147023861
21.0,66.94495308018348,4.770101017452212,28.28494590236354
22.0,68.43284681693544,4.6328009271548884,26.93435225590884
23.0,69.79730946567547,4.525188593688106,25.67750194063576
24.0,71.04344934819711,4.443208150126039,24.51334250167618
25.0,72.17661278161522,4.383516209022333,23.439871009361767
26.0,73.20226281270516,4.343331883753718,22.454405303540348
27.0,74.12588920558133,4.320319276715241,21.55379151770263
28.0,74.95294300340663,4.312494920725167,20.73456207586726
29.0,75.68879033273225,4.318154524646454,19.993055142620396
30.0,76.33868117324946,4.3358147663307145,19.325504060419007
31.0,76.90772964478224,4.364166916436357,18.728103438780376
32.0,77.40090301912292,4.402039855220576,18.197057125655405
33.0,77.82301718658886,4.448370627374457,17.728612186035804
34.0,78.17873672676338,4.502181116272978,17.3190821569627
35.0,78.4725780737628,4.562559744772119,16.964862181464184
36.0,78.7089145472303,4.628647351682874,16.662438101086007
37.0,78.89198225569807,4.699626571306679,16.408391172994513
38.0,79.02588608008551,4.77471417305908,16.199399746854603
39.0,79.11460512033304,4.853155910869622,16.032238968796477
40.0,79.16199714354981,4.934223496840593,15.903779359608603
41.0,79.17180171168928,5.0172133578741684,15.810984930435714
42.0,79.14764179312307,5.101446863597332,15.750911343278712
43.0,79.09302377673907,5.1862717338584545,15.720704489401486
44.0,79.01133590944444,5.271064348427719,15.717599742126655
45.0,78.90584526766122,5.355232693656532,15.738922038680894
46.0,78.77969344952662,5.438219693386825,15.782086857085119
47.0,78.63589123593613,5.5195066863191675,15.844602077743216
48.0,78.4773125142855,5.598616830636983,15.924070655075873
49.0,78.30668778813789,5.675118239578799,16.01819397228177
50.0,78.12659760894734,5.748626678863665,16.124775712187667
51.0,77.93946626293426,5.818807687880643,16.241726049184056
52.0,77.74755602839717,5.885378020375538,16.367065951226483
53.0,77.55296228798157,5.948106335713993,16.49893137630392
54.0,77.35760973903848,6.006813107197836,16.6355771537634
55.0,77.16324989591654,6.061369747851496,16.77538035623187
56.0,76.97146002376087,6.111696985168472,16.916842991070663
57.0,76.78364358709375,6.1577625433135506,17.058593869592524
58.0,76.60103224090597,6.199578213309452,17.19938954578435
59.0,76.42468933966612,6.237196408232767,17.338114252100965
60.0,76.25551489261818,6.270706311198382,17.47377879618329
61.0,76.09425185350582,6.300229729052197,17.60551841744176
62.0,75.9414936004579,6.325916764647253,17.73258963489457
63.0,75.79769243767439,6.347941416000564,17.85436614632478
64.0,75.66316893477114,6.366497202332337,17.97033386289628
65.0,75.538121911768,6.381792905872813,18.080085182359003
66.0,75.42263887701996,6.394048505297036,18.183312617682923
67.0,75.31670673095074,6.403491362581583,18.279801906467405
68.0,75.22022255912884,6.41035271075223,18.36942473011847
69.0,75.13300435292052,6.4148644760610525,18.452131171017744
70.0,75.05480151350592,6.417256455123164,18.527942031370262
71.0,74.98530501438839,6.417753855834955,18.596941129776074
72.0,74.92415711772988,6.416575200735357,18.659267681534136
73.0,74.87096056007019,6.413930582984962,18.71510885694413
74.0,74.82528714257911,6.410020258347461,18.764692599072664
75.0,74.78668567942678,6.405033551404512,18.808280769168032
76.0,74.75468927475721,6.399148050599721,18.84616267464235
77.0,74.72882191387251,6.392529064426814,18.87864902169985
78.0,74.70860436743524,6.385329309968647,18.906066322595176
79.0,74.69355941874724,6.377688804860411,18.928751776391543
80.0,74.68321643348476,6.369734934402459,18.947048632111887
81.0,74.67711529876857,6.361582666803128,18.96130203442752
82.0,74.67480976423565,6.353334891226747,18.971855344536962
83.0,74.67587022204687,6.345082855310914,18.979046922641572
84.0,74.67988596565583,6.336906680979719,18.983207353363678
85.0,74.68646696887616,6.3288759396134004,18.984657091509565
86.0,74.69524522749546,6.321050269860493,18.98370450264348
87.0,74.70587570554956,6.313480023535778,18.980644270914077
88.0,74.71803692756897,6.306206927089774,18.975756145340725
89.0,74.73143125675243,6.299264748034965,18.969303995211895
90.0,74.74578489728184,6.292679957450494,18.961535145267092
91.0,74.76084765692356,6.2864723812538035,18.95267996182197
92.0,74.77639250382008,6.280655834321382,18.94295166185808
93.0,74.79221494897745,6.275238732767446,18.93254631825454
94.0,74.80813228353115,6.270224680757152,18.92164303571117
95.0,74.82398269741373,6.265613029150326,18.91040427343525
96.0,74.83962430365635,6.26139940405568,18.89897629228732
97.0,74.85493409020567,6.257576204039119,18.887489705754575
98.0,74.86980681890812,6.254133065283868,18.8760601158076
99.0,74.88415388917159,6.2510572944603995,18.864788816367447
100.0,74.89790218181568,6.248334269442049,18.853763548741725
