time,stock1,stock2,stock3
1.0,68.2443384239807,24.65263354205054,7.1030280339687835
2.0,62.92602947783633,23.730801746290815,13.343168775872732
3.0,58.91203738107306,22.422143813817655,18.665818805109158
4.0,56.03013428730576,20.8966656676228,23.07320004507122
5.0,54.09945563025373,19.28951837556774,26.611025994178284
6.0,52.94884253350769,17.69750609773946,29.353651368752686
7.0,52.42573496836904,16.183366257678756,31.390898773951903
8.0,52.39902549353991,14.783083791591752,32.817890714868035
9.0,52.758591286549155,13.513396678033109,33.72801203541738
10.0,53.41328169820686,12.37817856464079,34.20853973715203
11.0,54.288381125477756,11.37332341831335,34.33829545620851
12.0,55.32306910683665,10.490224029988822,34.18670686317412
13.0,56.468109551876566,9.718111191434167,33.81377925668877
14.0,57.683847050628756,9.045544818747068,33.27060813062373
15.0,58.938513700657,8.46130933674936,32.60017696259312
16.0,60.20681821490546,7.954909048480674,31.838272736613273
17.0,61.46877889948937,7.516805544321791,31.01441555618813
18.0,62.70876185584858,7.138495607867901,30.15274253628292
19.0,63.91468955857797,6.81249545482971,29.272814986591694
20.0,65.07738994919741,6.532273966504511,28.390336084297452
21.0,66.19006110832862,6.29216170844942,27.517777183221416
22.0,67.24783094153814,6.087251963662706,26.664917094798646
23.0,68.24739501391846,5.913303154949471,25.839301831131493
24.0,69.18671872418561,5.766647689587579,25.04663358622632
25.0,70.06479250370752,5.6441095827473635,24.291097913544586
26.0,70.88143075290036,5.542931620525598,23.575637626573354
27.0,71.63710687310473,5.460711916340796,22.902181210553596
28.0,72.33281808990768,5.395349236668957,22.27183267342233
29.0,72.96997485423933,5.344996255355818,21.68502889040397
30.0,73.55031049908077,5.308019832346588,21.14166966857185
31.0,74.07580756118924,5.28296743485184,20.64122500395821
32.0,74.54863777992784,5.268538884859874,20.182823335211683
33.0,74.97111328391794,5.263562701284523,19.765324014797006
34.0,75.34564689065743,5.266976393231371,19.387376716110676
35.0,75.67471979040758,5.277810144803386,19.04747006478851
36.0,75.96085517629278,5.295173407551255,18.743971416155382
37.0,76.20659662794256,5.318243982561386,18.47515938949553
38.0,76.41449026428768,5.346259230167521,18.239250505544312
39.0,76.58706985881636,5.378509092074897,18.034421049108335
40.0,76.72684426282713,5.414330649422045,17.858825087750244
41.0,76.83628661300962,5.453103972264421,17.710609414725088
42.0,76.91782491213566,5.494249042465847,17.587926045397587
43.0,76.97383366816388,5.537223554274053,17.48894277756111
44.0,77.00662635946198,5.581521416065799,17.41185222447146
45.0,77.01844856353058,5.626671793843127,17.354879642625384
46.0,77.01147164469103,5.672238552842309,17.316289802465658
47.0,76.98778694354321,5.717819968694015,17.294393087761726
48.0,76.94940044843761,5.763048594377455,17.287550957184205
49.0,76.89822795745103,5.807591183999824,17.294180858548444
50.0,76.83609075920259,5.851148589305358,17.31276065149128
51.0,76.76471187306957,5.893455559737578,17.341832567191982
52.0,76.68571289487072,5.934280391699043,17.380006713429438
53.0,76.60061149377974,5.973424387148037,17.42596411907153
54.0,76.51081960112303,6.010721095568464,17.47845930330827
55.0,76.4176423228091,6.046035326356502,17.536322350834027
56.0,76.32227759547064,6.079261930505719,17.598460474023273
57.0,76.2258165929276,6.110324360897737,17.66385904617423
58.0,76.12924487528447,6.139173029326539,17.731582095388443
59.0,76.0334442586284,6.165783485478525,17.800772255892504
60.0,75.93919536967049,6.190154448403904,17.87065018192502
61.0,75.84718083733014,6.2123057245685045,17.940513438100623
62.0,75.75798906266387,6.2322760484555335,18.009734888879933
63.0,75.6721184999859,6.25012088203619,18.077760617977315
64.0,75.58998237570724,6.265910208434843,18.144107415857267
65.0,75.51191376735866,6.279726352998415,18.208359879642277
66.0,75.43817096342356,6.291661861972843,18.270167174602893
67.0,75.36894302484554,6.301817465331828,18.32923950982196
68.0,75.30435547115412,6.310300146225335,18.385344382619873
69.0,75.24447601784887,6.31722133522493,18.438302646925738
70.0,75.18932029668,6.322695243230405,18.487984460089468
71.0,75.13885749648476,6.326837342722529,18.534305160792627
72.0,75.0930158689815,6.329763003125111,18.57722112789346
73.0,75.05168805111234,6.3315862824706235,18.616725666417032
74.0,75.01473616292805,6.332418874409741,18.652844962662396
75.0,74.98199664736828,6.332369206903499,18.68563414572845
76.0,74.95328482547302,6.331541686698689,18.71517348782841
77.0,74.92839914736378,6.330036081906491,18.741564770729628
78.0,74.90712512568486,6.3279470336578525,18.764927840657098
79.0,74.88923894398904,6.325363686863494,18.785397369147024
80.0,74.87451073774392,6.322369429519521,18.803119832736236
81.0,74.86270755019068,6.3190417297260915,18.81825072008288
82.0,74.85359596922315,6.315452059578704,18.830951971197724
83.0,74.84694445474683,6.311665895302489,18.84138964995023
84.0,74.84252536869334,6.307742783385451,18.84973184792095
85.0,74.84011672201295,6.303736462984303,18.856146815002525
86.0,74.83950365460855,6.2996950354912755,18.86080130989954
87.0,74.84047966534534,6.295661172828626,18.863859161825644
88.0,74.84284761003013,6.2916723567516035,18.86548003321793
89.0,74.84642048566735,6.287761142169413,18.8658183721629
90.0,74.85102201937532,6.2839554382162905,18.86502254240809
91.0,74.8564870801849,6.280278801508397,18.863234118306327
92.0,74.86266193155497,6.2767507366957345,18.860587331748885
93.0,74.8694043418711,6.273387000053226,18.85720865807553
94.0,74.87658356949579,6.2701999024468495,18.85321652805715
95.0,74.88408023813189,6.267198608556863,18.84872115331121
96.0,74.89178611736693,6.264389429738301,18.84382445289477
97.0,74.89960382234526,6.2617761083501104,18.838620069304717
98.0,74.90744644553286,6.259360091790329,18.833193462677144
99.0,74.91523713257166,6.2571407948359115,18.827622072592664
100.0,74.92290861324207,6.255115849206594,18.821975537551555
