time,stock1,stock2,stock3
1.0,32.782001215807405,51.33787789309664,15.880120891095904
2.0,29.19201145930708,43.00876533374884,27.799223206944028
3.0,27.958348275287552,35.69688574067177,36.34476598404065
4.0,28.258659138580146,29.579164716142298,42.16217614527767
5.0,29.56162467095395,24.592065613732917,45.84630971531321
6.0,31.516918378579213,20.581419223600648,47.901662397820104
7.0,33.88727543997093,17.37566464000682,48.73705992002205
8.0,36.507885859082094,14.81709329633409,48.67502084458348
9.0,39.26197608699784,12.772262074873007,47.96576183812895
10.0,42.06574427206409,11.132969210887143,46.80128651704843
11.0,44.8587302224389,9.813490631343306,45.327779146217345
12.0,47.59741613511495,8.746749494896676,43.655834369987794
13.0,50.250813010431386,7.8805711299154675,41.86861585965268
14.0,52.79731586576172,7.1744460983955385,40.02823803584213
15.0,55.222402828404746,6.596893807932721,38.18070336366191
16.0,57.516917052840576,6.123383260702243,36.35969968645647
17.0,59.67576462446235,5.734722591357749,34.58951278417908
18.0,61.69691750377181,5.415823976191171,32.88725852003616
19.0,63.580644950362554,5.1547609161292245,31.26459413350729
20.0,65.32891886104092,4.9420496687196245,29.72903147023871
21.0,66.94495308018337,4.770101017452233,28.284945902363656
22.0,68.43284681693528,4.632800927154907,26.934352255908962
23.0,69.7973094656753,4.525188593688123,25.677501940635896
24.0,71.04344934819696,4.443208150126052,24.513342501676323
25.0,72.17661278161505,4.383516209022344,23.4398710093619
26.0,73.202262812705,4.343331883753728,22.454405303540494
27.0,74.12588920558122,4.32031927671525,21.55379151770279
28.0,74.95294300340653,4.312494920725177,20.7345620758674
29.0,75.68879033273214,4.318154524646462,19.993055142620523
30.0,76.33868117324936,4.3358147663307225,19.325504060419128
31.0,76.90772964478215,4.364166916436361,18.728103438780508
32.0,77.40090301912286,4.402039855220576,18.19705712565553
33.0,77.82301718658883,4.448370627374456,17.728612186035924
34.0,78.17873672676335,4.502181116272977,17.31908215696281
35.0,78.47257807376279,4.562559744772116,16.96486218146428
36.0,78.7089145472303,4.6286473516828694,16.662438101086092
37.0,78.89198225569807,4.699626571306673,16.40839117299457
38.0,79.02588608008551,4.774714173059075,16.199399746854652
39.0,79.11460512033304,4.853155910869615,16.03223896879652
40.0,79.16199714354981,4.934223496840585,15.903779359608642
41.0,79.17180171168928,5.0172133578741605,15.810984930435746
42.0,79.14764179312309,5.101446863597324,15.750911343278744
43.0,79.09302377673909,5.1862717338584465,15.720704489401513
44.0,79.01133590944447,5.271064348427711,15.71759974212668
45.0,78.90584526766128,5.355232693656523,15.738922038680917
46.0,78.77969344952668,5.4382196933868165,15.782086857085138
47.0,78.63589123593619,5.519506686319159,15.84460207774323
48.0,78.47731251428556,5.598616830636974,15.924070655075882
49.0,78.30668778813795,5.67511823957879,16.018193972281775
50.0,78.1265976089474,5.748626678863656,16.12477571218767
51.0,77.93946626293433,5.818807687880635,16.241726049184056
52.0,77.74755602839724,5.88537802037553,16.367065951226483
53.0,77.55296228798164,5.948106335713985,16.498931376303915
54.0,77.35760973903855,6.006813107197829,16.635577153763393
55.0,77.1632498959166,6.06136974785149,16.775380356231864
56.0,76.97146002376094,6.111696985168467,16.916842991070652
57.0,76.78364358709382,6.157762543313548,17.058593869592514
58.0,76.60103224090604,6.199578213309449,17.19938954578434
59.0,76.42468933966619,6.237196408232764,17.338114252100954
60.0,76.25551489261825,6.27070631119838,17.47377879618328
61.0,76.0942518535059,6.300229729052196,17.60551841744175
62.0,75.94149360045796,6.325916764647253,17.73258963489456
63.0,75.79769243767444,6.347941416000565,17.854366146324768
64.0,75.66316893477118,6.36649720233234,17.97033386289627
65.0,75.53812191176807,6.381792905872816,18.080085182359
66.0,75.42263887702005,6.394048505297038,18.183312617682905
67.0,75.31670673095084,6.403491362581587,18.279801906467387
68.0,75.22022255912893,6.4103527107522345,18.369424730118453
69.0,75.13300435292064,6.4148644760610605,18.452131171017722
70.0,75.05480151350604,6.417256455123173,18.527942031370248
71.0,74.98530501438849,6.417753855834964,18.596941129776056
72.0,74.92415711772998,6.416575200735366,18.65926768153411
73.0,74.87096056007027,6.413930582984972,18.71510885694412
74.0,74.82528714257919,6.410020258347468,18.764692599072657
75.0,74.7866856794268,6.40503355140452,18.808280769168032
76.0,74.75468927475724,6.399148050599729,18.84616267464235
77.0,74.72882191387254,6.392529064426822,18.878649021699857
78.0,74.70860436743526,6.385329309968653,18.90606632259519
79.0,74.69355941874724,6.3776888048604174,18.92875177639155
80.0,74.68321643348476,6.369734934402467,18.947048632111898
81.0,74.67711529876857,6.361582666803138,18.961302034427522
82.0,74.67480976423563,6.353334891226757,18.971855344536973
83.0,74.67587022204684,6.345082855310924,18.979046922641576
84.0,74.67988596565579,6.336906680979727,18.983207353363678
85.0,74.68646696887612,6.328875939613411,18.98465709150957
86.0,74.69524522749545,6.321050269860504,18.983704502643484
87.0,74.70587570554954,6.3134800235357895,18.980644270914095
88.0,74.71803692756899,6.306206927089783,18.975756145340743
89.0,74.7314312567525,6.299264748034973,18.969303995211906
90.0,74.74578489728192,6.292679957450502,18.9615351452671
91.0,74.76084765692363,6.2864723812538115,18.952679961821985
92.0,74.77639250382015,6.280655834321391,18.942951661858093
93.0,74.79221494897752,6.275238732767455,18.932546318254552
94.0,74.80813228353121,6.270224680757164,18.921643035711185
95.0,74.82398269741378,6.265613029150341,18.910404273435272
96.0,74.8396243036564,6.261399404055696,18.89897629228734
97.0,74.8549340902057,6.257576204039133,18.8874897057546
98.0,74.86980681890816,6.25413306528388,18.876060115807626
99.0,74.88415388917163,6.25105729446041,18.864788816367472
100.0,74.89790218181571,6.248334269442059,18.853763548741753
